709.493125263207,1.760845249119774,6.798275639691181,3
893.3716354463712,0.8785657228671118,0.2829396407741869,2
72.91833875690146,1.608038157462165,7.474145934169688,3
806.9724048812186,0.9640825775028625,0.3632629696582501,2
231.39102833274472,1.1457274096858328,7.659491624880434,1
562.3546538739429,0.09525358175802845,9.700344329945128,1
473.0811168995281,1.278618060023225,7.572118265933464,3
966.7209530685763,1.9702120648994434,7.171580638211842,2
435.6925075732279,0.663099462739313,9.013129253066987,2
442.45069686277094,1.6308113785526923,1.2394739194128457,3
798.3998647386676,1.8584033647855172,3.5841858762189336,2
519.6579864840604,0.7223727089288074,8.650761126666648,1
781.6560996831562,1.0961408542016255,0.7901994725375916,1
669.2434876840923,0.28496880098555,4.461960826153782,3
661.856995816397,0.7593079140683292,2.943879586305308,1
608.5873423996375,0.8711665799582498,5.012721249313115,3
323.5928952577007,0.8488220936251671,0.10952041218224018,1
366.6042660555344,0.2048578682758282,0.2951072652340847,2
679.1361567148554,1.8395364141199824,3.1207147301757354,2
959.7612637571804,0.5845475602502848,2.759359889091193,1
543.487497102138,1.3760873176717767,6.351021117402995,3
335.52712870995725,1.3650692115438807,3.1573040781044934,3
441.30838130285935,1.0537585010210906,3.074491701640084,2
540.0614988654643,0.18936539383057238,0.3497934576974737,1
266.90929141505393,0.17686702725225678,4.255266383266184,1
961.9280083953282,0.5109301223146379,4.257943880620828,2
470.3796380426091,1.9340776714459997,7.839987396025677,3
782.6623784590201,0.2601042962483966,9.909234108355584,1
5.654441627285123,1.1258435945930725,7.666213338188907,2
121.5371246618171,1.1083161801431614,9.575054867577151,3
135.69891042516414,0.49489353923541324,9.05603792735702,3
898.2299528390208,1.6292824187234312,6.9958617132647625,3
717.3719560211217,1.2638311211405764,1.993319835351115,1
124.10822790932873,0.2719933645315289,2.2919405204383594,2
181.53435170802146,0.2667609453686546,6.124414856124321,3
554.1455496680462,1.1189761381323322,1.3021397114742361,2
84.83656405986062,1.4461693939014575,0.35695519481103166,1
154.2448308925487,0.3996817703525144,4.372649290668606,3
861.1821607582509,1.2230292704764083,4.294728931071927,1
104.08411783671956,1.347162845702553,6.53159431603619,3
104.63257586687268,0.41540963475151904,2.4737440396948296,2
750.2757852059423,1.2256900631593075,7.502493191325832,3
325.1188756867874,1.561265772245587,3.793478082324524,2
18.428354780991807,0.7946857769814772,9.903748667485981,3
83.62278939901657,1.9139695855672734,1.1342637458321958,2
478.6347444326977,0.5954095911818582,3.382251769399441,3
289.24539068395393,0.9844180055694467,6.846357004920906,3
379.58056375313765,1.2645782756414172,3.013855134247787,1
1.1706821978294535,0.49130616188588694,6.4785057836480995,3
511.1612179551448,0.5960560069159144,2.0468868980850585,1
156.23234787974772,1.596669070562633,8.020014976856482,1
369.18650000374674,1.8738627377131143,2.6614645808715434,1
59.00714414193753,0.7745836675269293,0.7111370244553328,2
747.0898822949179,0.6835623857537392,7.0722141658076465,2
947.1353748791693,0.6664449231769587,7.94536802690169,3
642.7375840133801,0.14200149060079004,3.710844612088339,3
246.39194143078103,1.314173814875881,5.924717921853427,3
138.57974156270458,1.8580113986632212,8.978100179454305,1
800.9842334507869,1.0867482168473934,1.507053730648289,2
163.17928515999535,0.32442255891377747,3.002923140280335,1
724.6775990438746,1.1154738657360241,0.4897222132862111,2
357.5148982017846,1.358905181808249,1.9142326406250176,2
413.8120414054781,1.7296813042715269,6.129569914985138,1
306.2936219977157,0.16680704411226066,0.5680322700004592,2
795.6885736781312,0.17572423634549028,0.7723367243656043,3
773.3441758725131,1.736538346768652,9.96106917287305,3
275.4520514092511,0.7894890171228968,4.650378580738019,2
624.2757424082141,1.3574914500569297,5.988886361512083,1
130.045846838459,1.353430631690083,2.5937891023228454,2
341.6964944257048,0.6882399263628576,8.364777173482645,3
270.64283568032556,1.2296844158715245,2.317657221247551,1
825.0951736565057,1.4135814645191134,4.59704402168715,3
591.6059894828134,0.797950833645449,7.030901309486779,1
50.62542523715341,0.47005349591773427,6.995753845140067,2
300.6719817009821,0.2490761107670394,6.512622481546188,1
368.77880431326747,0.4618206886845737,4.806009832240603,2
226.7480300940189,0.7984687370585335,3.7929639229043763,2
683.4321322721952,1.5932590675780407,4.540782777245895,1
191.45252796338795,1.322962016055656,4.754535141124597,3
634.5042827937962,0.826682318730759,8.26267423926406,2
189.81072215328743,1.0154083863594652,6.330652480089453,2
92.44106450857458,0.46959937476253466,8.07538601044486,1
253.65080236564773,0.6320311968617034,2.415327727938499,3
806.3073377868035,0.32579056275129337,1.1177646106217431,1
734.6076169693201,0.2606102309534353,8.609223015194395,3
519.9281718393377,1.9441046165206435,5.762743715987114,1
436.7547504840028,1.6509192165734607,3.9194543576600593,2
245.43046024776837,0.03604946484758664,4.778233101543366,3
858.0206451300321,1.3566539133039455,4.181933892811833,1
940.9033818846876,0.8935730073097392,0.9426566797073832,1
326.46951392601585,1.5573970655383733,5.675844858284027,2
603.5142848337106,0.17119668806374388,9.687831764485207,3
603.2810939741864,0.7472816679326968,1.7615928921184154,1
519.9153307852366,0.15108401902504198,7.362623750209794,2
680.3318486118679,1.771010014592594,0.7515117666732929,1
742.1458224948382,0.33175112469021895,4.401780121453674,3
727.6235873169212,0.8984413613227529,6.382294307158849,1
884.1533037477542,0.24748817460599937,1.7737719822866072,1
124.07506409679114,0.8656247355910798,4.093449336728728,3
339.883651740592,1.5981860609556222,1.6873719102532259,3
2.3785480143151405,1.3040373249928245,4.832987424679564,3
721.0964109835289,1.8953358012842785,6.033748678827543,3
738.5944489102752,0.06427577262189077,0.13701497570998367,1
794.6821953131611,0.5395591277700831,6.278599968665796,2
675.772248869565,0.5932634002597541,5.692397339894514,1
766.5651303759623,0.39768686123160135,1.1870249527008692,3
326.17322037060023,0.28896073926318544,0.329716666689851,3
81.25483964774848,0.7122724904616382,3.5189398052322165,3
510.9180862961143,1.4961411748063806,2.9002152009591597,1
787.801376855238,0.10312215475160258,3.4161900204924525,2
149.383099984144,0.08250450442992818,6.423443064432667,1
90.25053534588079,0.9659461919558994,5.0798049693373,1
723.1416943252932,0.7622735320359404,3.9630071942249243,3
439.780723903937,1.9379333592786994,3.697692052426248,2
939.0286754285854,1.6404344304762217,4.9314913589588265,2
887.7262070933591,0.621624576245652,7.757479851551735,2
764.7113010159084,0.7244799976758647,0.16558707136095197,1
852.682191611829,1.7876129659580524,4.209592739953404,3
86.2664575752331,1.7551247331180706,1.9366214751711819,3
609.6405624865894,0.060998614601615264,9.907763253209835,3
13.85885699462175,1.5685042963800904,4.397774419814093,3
189.12022527515714,1.257532448161389,1.5877235816240498,3
121.32185661625839,0.11014332014896988,2.2709322010662127,3
533.1875721377816,0.4097706913058199,0.8070780116740883,3
76.3156089474647,0.3146862944446511,8.44784858172989,1
336.54863409607407,1.6069263417216633,0.46185139361265337,3
506.1031172382965,1.9663453941239666,5.0639506025643275,2
991.1809667936425,0.7835127759888456,3.734986389493853,1
319.67756061771445,0.662038214899981,2.801714653133528,2
200.76574343631282,0.5530926234338831,7.155191574368036,2
460.34226974520345,0.37374519007455653,3.7460745670698357,2
308.2556079288712,1.6234987063207929,6.682067218408094,3
789.8195571174064,0.6694775347356288,5.726440577713002,3
166.931215354878,0.28540655466455633,2.227147089991426,3
543.2481980599524,0.04733656745069581,6.286015011637566,1
951.8673616513241,1.0757895315021513,4.528555751415676,3
13.85090260411259,0.661244124202639,1.279984830105566,1
695.4796296728243,0.96255687066508,4.733629066540233,3
558.278386962298,1.2540930645365045,6.1554549607543905,2
350.1384734216834,1.1284747559601158,4.28886573659411,3
848.7600183948515,0.05882900910582611,2.3505870414535837,2
71.05321477892778,1.1011294195078993,7.709817318583427,2
933.8103059076991,0.9088928222838903,0.2868542541658392,1
108.28664893169815,1.8936307895621531,1.0157947685470181,1
401.62558424909656,1.4344726412486468,7.19693764548898,2
620.2581355405171,0.5234036210047155,7.969696476847934,3
491.0990677334196,0.2003524712013074,5.9206980665703925,2
749.5868380182158,1.2015870470042593,6.24912167706504,1
955.6588494315608,0.42792989308019247,3.5401806965981075,1
590.8747114880669,1.1096155705854105,9.154589281949402,3
953.0734206789894,0.11231969170715894,5.497576847934411,3
223.50453570566032,1.4394375872686285,9.59584862446918,1
436.89763135076544,1.8342829634334898,4.8930531808675495,3
365.68838973679806,0.2320010412401443,6.3277218077465704,2
804.3263662475773,1.435540183888321,3.1955036272656043,1
177.01094574673647,1.9673081311896434,1.3674178867894071,2
955.005961558122,0.9932792525535425,1.3652645921762085,1
671.0218311383959,1.772822070960025,0.5132287928391732,3
840.6499529085883,0.9276897156684618,3.5714859374810715,2
397.42091422167005,0.44703072961931767,0.8218364228521147,2
485.8793629058794,0.4099845008859664,7.706343265729742,2
574.8583616736755,0.5917451513556924,7.268994304424867,3
420.4608069835174,0.9984172458148184,9.561284131133469,2
713.0337215981327,0.22293852509966983,4.785209735825085,3
781.4535518318653,1.8806614593829998,3.7205585506898964,2
54.22109363862948,0.9764436838457733,2.38983078268976,3
311.2309932258679,0.8834027826526789,8.543094503509138,1
886.0216888071219,0.8857160049701904,2.678459919008642,3
239.33086982917408,0.34758804323035175,7.668808056621209,1
773.104080236181,0.726289059711615,7.67061324637393,1
970.1228735258312,1.3607425795298347,2.6080183613922348,1
194.02219890750993,1.7340669879936486,1.4322494943677888,2
548.9392181214454,0.8785547649501828,7.377661207236179,1
22.211330971702804,1.3615050700620022,4.553388775024315,3
564.5242704828358,1.7612345635794238,7.5167132376880685,1
371.9685507789409,0.4893021418892307,8.253435901650656,3
918.0004684226963,1.7458502729553926,2.765281022085971,3
57.414043290258455,1.7376866302022909,1.0533583021544157,3
846.6932789069048,0.6590548399703138,1.7288613368192507,3
454.77571699098183,0.1975264601674589,7.79111139320725,3
428.7938826793417,1.7665453374890252,3.7912553606748043,1
138.09165126733015,0.2716683894651457,6.748155514332357,2
722.4373173140812,0.9213643415537354,7.046647322189658,1
76.9588510993302,1.2446015103974375,4.557045781263732,3
642.3169231579244,1.3348428332990754,9.703454995023378,3
380.77908480501276,1.1557531402403298,6.7797640320384165,3
463.32711671122837,1.9778419656227084,5.7463062721809255,3
461.42891108736825,0.18838526609864004,8.53596885571226,3
723.1040507945966,1.4269521124315152,4.371311975494981,3
654.4836608899363,1.5020253971964301,3.577672087722472,2
67.15639322572142,1.1842824837524268,6.794052480628602,3
540.8792501574212,1.1365111819825005,1.075252695732527,2
372.6629578179531,1.0031048573750545,9.756909696612547,3
97.78254470094394,0.18640069642556711,0.4990303025801057,2
197.826927827766,1.349175326859834,2.419182901919419,1
928.7146519817995,1.2005457070087144,1.9283779920405142,2
227.4085987845429,1.4725053876926324,6.890628977474712,3
223.05168478561743,1.6983251767673533,7.392215382228542,3
614.5582782872535,1.407643194314944,0.8653612713250458,3
108.19755918609519,0.5699277003539116,0.7130156744498373,1
471.2780429679958,0.8379427929616641,4.2010004343815135,1
443.30877126512826,1.7568967903017672,7.988554494635222,3
465.55943608460814,0.9771826607645233,6.356402255819158,3
188.672882006765,1.0291007644729617,4.098048922626889,2
519.261173044357,0.053596209924061666,4.652167692893525,2
426.628522305462,1.3437297300077788,3.8625912605160573,3
271.4648337797511,0.6582979454329956,2.714595544547075,3
119.38642391147481,1.045391829906326,5.239473523524703,1
310.14892320448604,1.8475401659277457,8.206075224569506,1
291.1389703458579,1.4860743762961208,8.493652337083631,3
644.6647665695172,1.785109644680126,9.893726934525818,3
948.5484508876364,0.5393618821671315,8.768055831345677,3
805.8310956938859,0.7106279461632772,0.6784128079150487,2
869.585778814349,0.3180259656840405,2.034465171252142,3
786.5560360636057,0.3210700633273529,1.1680688736352052,1
630.9975708417536,1.2025920466259472,8.361384647075381,3
975.5638178297114,0.6348847746645514,2.5236687626119436,3
838.4645440122564,0.19372495678096557,7.536558915432892,3
375.61973164122753,1.9468195463685019,0.8202132062863543,1
599.6572781083655,0.6113065928714829,8.128006855076196,1
839.6586493479252,1.4854075819441261,3.2776743541013866,3
452.47357418349463,1.9873906949284914,3.05251012878362,2
848.3287634758394,0.9938824137281381,7.062838058167276,2
291.4978615816163,0.43832524228107905,4.639833288752982,2
992.0732546694701,0.2819814977498767,8.877293242610468,1
687.2748337894558,1.0288731803900055,1.267183343842725,3
455.62108900238763,1.794405884221176,3.27864951338102,1
756.9174328154168,0.5466907380823867,0.3126585672631321,3
960.8759478706105,1.720732545427158,3.615339274570201,1
946.5212501437309,0.8807028369843435,9.382983236730734,3
398.31977834149467,0.02278475931197299,0.23527266637392685,2
736.6953689415124,0.5785178490982184,1.1033275875713278,2
452.2268797638178,0.7597237247280495,6.820476799056322,2
558.020673841964,0.29763386825099225,6.528848912249996,1
840.827791560935,1.3147653333475013,5.069100210577067,1
780.4977863034976,1.8410615617195547,7.9486230993350135,1
127.85557453409191,1.8358803809496165,3.050344670752793,3
352.8124782287616,1.1633177830962602,2.257045610045154,2
73.38474976865828,1.4202945313937396,5.1591059614690895,2
798.859292509481,1.1752070402144716,9.757515633427378,2
219.65415975973445,0.08467191472297508,2.14317598747881,1
782.4398200158339,0.9341154907775884,9.045739468606536,2
102.31091226812939,0.8841248833743944,7.721980480330082,3
158.85950718803053,1.3593010363857545,4.575385469706368,1
502.68631599505665,1.135022549965331,4.595769806297419,2
263.1609438972259,0.8235367956145256,5.912707097543174,1
991.1481530018478,0.38477833852628485,8.951129624647159,2
298.51315985086035,0.2866115574649626,5.3314449011882505,1
284.38519453615265,1.1761264016477568,1.2098472032623875,3
125.12916068144109,0.08088448829440242,7.214450585212879,2
389.7014211724137,0.7947963290321705,7.711760121344923,1
79.00421849251549,1.4774662552751212,6.486611583470037,3
339.1080608267859,0.4340227617884751,1.228913660106441,3
326.78365864124436,1.8430974442827648,2.2107460793049114,1
381.97600312234295,1.6665843386815828,7.65974423635744,1
371.55649735357576,0.34590682976262044,3.6426272494739886,3
76.4313703955113,0.5262457316601603,2.448784704846154,3
151.445919618715,0.7453691902962818,3.379607374143847,1
106.81548870069413,1.8983217987641232,8.879260676273848,1
744.9945459166828,0.4094510587803506,9.866754055971892,1
758.6382781798046,0.935264632140878,4.053717280803232,2
681.4010992340786,0.8411847117980515,1.606477989855929,2
398.82296040104313,1.1092368247523352,4.028880361961411,2
965.0461252138407,0.47692712816021965,0.29079986858329576,1
291.08405835536365,0.35699444777577116,2.229844371704738,2
950.2129263552284,0.3530161519249455,9.216620579044747,2
341.51813122554296,1.9152149563774215,1.6215235126728444,3
855.7765698708703,1.0504158138144215,5.223576806319449,1
576.6061854996575,1.9605992839206243,7.075530898078157,1
684.2486733918682,1.566776329198232,7.258486517348002,1
226.40833692914953,1.1494951271689604,1.8251963157089046,1
508.4524583017823,0.9641498808880555,9.082676375490225,3
311.26058341838535,1.8706814817434985,6.0052292086226515,3
827.1400523680522,0.9241764059702524,1.5271818872858767,3
954.3101857151165,1.1824712343237482,8.529203852198625,1
759.4692303027646,0.46755937692666283,9.457555686969853,3
801.1638646974855,0.8896747816847903,5.630890622262669,3
439.16709251085354,0.10377686434516309,0.22192829399686254,3
712.3534546124151,0.9501506745464134,4.958028378218112,2
69.76731939378888,0.4067050627538267,3.0044267311901884,1
47.41862237904737,1.4402712380390776,9.441497061415816,3
298.4972991629613,1.9711916290370552,4.65556777664712,3
417.24395176227955,1.2860395982387205,6.030683090838604,2
264.4447838910806,0.1591972845536933,0.46257357821413825,3
298.52383573020103,0.5542319354198944,9.52761603812866,2
336.22598874491706,1.2793824556762754,9.364060369681228,3
811.8457063236373,1.2691672188670242,8.665896139355208,2
628.0108358144395,1.052451481755401,9.467376382323248,2
62.80585814706485,1.6972075605119912,0.9571637826492174,2
817.4591198611192,0.029952928147297886,3.7671033792770183,1
905.6732552225982,0.44142394832210097,2.998612129594541,1
305.2954890105897,0.37861627653714836,7.710418227689372,3
661.6637855841784,1.4207669302544463,0.45332288532971,2
380.21992420381446,1.436412041678675,7.742449983762011,1
899.6737740008525,1.7847634887049784,6.917882922440045,2
206.23634980144357,1.4125389431691497,7.918855755621525,2
5.8695275821906145,1.5383665462415976,0.5366943504342481,2
472.55608580602313,1.851582170501171,3.1743720373582263,3
738.697536556783,0.7013366375975105,1.8641997323635318,3
593.1914773890377,1.0509891578081272,3.7213676540466665,1
36.78254190430419,0.1334917631125938,6.415343529156185,1
141.82554508558331,0.41725363399996485,6.281355266687754,2
733.5092547705659,0.5182063482620185,5.449207554887032,3
338.06034148906207,1.001297177705249,4.093527053125435,1
701.0932487806251,0.08069407076477098,7.295614860685219,1
96.9485945170312,1.5961100727991449,3.6132206014897337,3
2.1965158993121348,1.016820620961638,8.634679956458083,1
331.7637620771641,1.6608150157210522,8.681994357623607,1
830.4661304336274,0.08887004692159839,2.2419378274168356,1
706.1871947770582,1.8351938634251566,9.768045288011004,2
230.3737551558941,1.793301998293171,3.6402379644650527,3
2.623215885049879,0.44038811117382726,1.4021223666680849,3
996.4093862762,1.7360433238555832,5.917211003710937,1
207.70589789334616,0.4530980309900714,2.188833413287913,2
422.2856267573881,1.8899215431191727,4.405673024765892,2
844.9932558931364,0.920206540168546,9.88273184166366,2
38.80565973560613,0.30283042742452015,7.901512193506955,3
270.7872168227077,0.8615264704231698,8.71523765926527,3
219.1688208538386,1.7186631529838767,1.1688040068550232,2
288.5518246323846,1.5572699017380998,4.094587985642317,3
878.94295520506,0.24511949208755546,2.737192553911295,2
551.8658392542509,1.0409735273572691,1.333251580354473,2
805.9475416907111,1.4391284012318117,6.695728943360529,1
740.9450495351182,0.36261630314189985,0.3262675692044492,1
231.30434080245809,0.7013022469030492,3.8327211528172445,1
115.97596452285386,0.7253420071819143,5.194227214635186,2
62.342541808144134,0.5392750112120519,5.636929081999357,1
141.63817950706004,1.2595575596086355,5.7433649952801815,1
691.4200798072712,0.3881541061010101,4.823792413720904,1
980.1267064845679,0.9135945914338854,3.0208644096878134,2
245.84113041819944,1.4205794547918156,8.461011058772547,3
716.0601473115414,0.9403038818614147,3.522806596789201,2
138.72849469419035,1.5863487039916508,4.287129416987367,1
131.45366453473184,1.4400332096388155,5.0851172742587005,2
620.7702169849338,1.5755542161233218,8.00707380577318,3
27.530052289133188,0.6154037299685746,1.4244464276025615,2
511.5829228679366,0.2407491831719133,9.363981916575595,1
139.98780855764915,1.51586066603668,9.686586200305104,3
534.3256239125586,0.07643163800322639,9.627988082704976,2
70.61880152419076,0.19704518784670588,5.216702517353045,1
473.8092908875752,0.5959468848702052,9.53880344475414,2
238.5199075271549,0.968238762379739,4.016616294565459,1
442.2545010522352,0.8308055478339229,3.5434824392239817,3
8.695754431645831,0.23110830381186043,8.539165949006396,1
734.1986567852072,0.8799196051149456,0.08674890349805398,3
978.5021491439151,0.26945313619167655,1.3720137569184898,2
502.7649132516513,0.034314511932617586,0.10297568007971325,1
498.26215298196774,0.13262249122303604,9.31673112240039,3
527.7477827838835,1.1510121385118697,0.5116132587900746,1
236.44076460119047,1.2322958377635387,1.9342113731331945,3
613.5925549293507,1.1131938874322143,3.1736450853286344,2
238.90018455412144,1.1819905389090168,0.7213481829650448,1
19.354633409770173,0.49923583784512093,2.7257044422832144,3
42.277822537139855,1.341012684140744,0.0008064840896582215,1
451.6782021889305,1.0196426351301473,3.681784046349109,1
703.5334047614298,0.5518891540985946,9.499449066853627,2
436.5553184493902,1.220551127609125,7.164969539425705,1
496.5322256946868,0.47587760089793196,8.458309793235763,2
8.153669528534579,1.483885178744449,7.150872699496022,2
766.0766816265302,0.9227873210764637,5.800434008577459,1
742.6072371249242,0.41924466946455774,7.975187698247179,3
434.81365887194676,1.3622419297723005,8.653938235016389,1
57.856083036584515,0.9105240138388664,1.6772154613699086,2
80.67460408504023,0.5270500123091091,8.317918771880104,3
932.4539149144698,0.9416695338128029,6.352720888405578,3
608.1776687418186,0.3896407403899087,5.338434009708121,2
347.6390414346343,0.5512260399943771,7.499847518858234,3
881.3953253385116,1.1935898349206902,7.206633549006877,2
30.40028027598085,0.36506627996658425,8.091293280618109,1
409.4212295256807,1.3927473563560666,1.3981718824672462,1
824.0360897863458,1.8489262051888753,9.075005746330454,2
806.5656285391767,1.2904040917786714,4.975607979440189,1
201.83867833785308,1.4819989303130743,1.2140513712318057,3
369.5688835341036,1.3607455854234984,3.492157239789254,3
53.172978333937195,1.0316218914716373,7.539867414426409,1
779.4335691413193,1.8244580008146771,4.587384610371509,1
509.43591539586464,1.6848080844723095,5.07694683417777,2
556.409468411218,1.276038843351451,0.6974754810604511,3
445.93107714789903,0.2635506117298507,7.2403528438282,3
366.3124696770016,1.4171000119414607,3.2187138752907316,3
373.0126798030089,0.19184096909043769,2.9862035094384143,1
869.8493165450517,1.7737059835927,1.7456103278894586,1
471.2233929856291,0.710972208004774,0.8366540453168902,1
919.8135656191469,1.5631470819224333,3.482451155055706,1
32.88991590874768,1.0709820085798896,0.7250993024128638,1
652.6201116374796,1.7229238976045822,7.799391513771178,1
329.4948204506118,0.5137539563582905,1.333248126258455,3
921.5189106100862,0.8730426226335244,5.620792882310416,3
131.13878617560803,0.5452616842874667,7.792637608562431,1
563.6079117279755,1.3746958270959255,9.90969015692568,3
406.48498680497204,0.7794369391173632,4.559956648002195,1
864.1317761977014,0.3780399654956761,6.47624807879637,3
831.6112738949012,0.3223935013659791,9.060966074537218,1
81.06212679992709,0.428444079059211,5.511965871215163,1
347.7142235948274,0.06449130672516379,5.894603585220562,2
802.7826763886738,1.5767915582453718,5.504274539916095,2
977.8262347315305,1.8984242542580154,0.6214174284111129,3
281.71074564350164,0.047980702643410034,2.183455345705613,1
552.6285759066946,0.6000504452968405,8.688786231826844,2
361.3950537828412,1.02136854702263,2.833755455016207,2
6.866095234441705,1.81254364851215,8.512116824122915,2
524.3782556131606,1.7111385053542394,5.0953474662924165,3
41.96371101928575,0.3219878195950052,5.516135483646033,1
100.75777536207997,0.621668640676394,0.624223313086204,2
715.7993985795081,0.6009655347092868,1.3089146942009855,2
288.60456006273813,1.527927665526329,7.042191576275517,3
642.8638895465799,0.2368979766527204,7.605064164816772,2
50.796218292810444,1.8670595609588605,8.719940429089394,3
647.8641863452733,1.0435704346004067,0.06280558446744466,1
899.112487671205,0.8102231577642887,8.256840221328298,1
99.80051883464947,1.9310990692541041,3.6211321047760703,2
948.0937648422181,1.583345830759385,0.13059402410996013,1
391.71218921506255,0.23645403896500583,3.950680306474209,3
987.6369792139055,0.7409087340986953,2.886062725849221,1
348.14227140182805,1.3648216637049182,3.552896280677672,2
970.212533606668,0.9621546539174319,0.24838327115599856,2
541.99045053617,0.9529802557818636,1.5309988926325868,2
207.32069867951842,0.1121014200957442,6.0090784557639045,1
312.99296370896803,0.631023896087529,9.261978537001209,1
173.9379283591751,0.057331291514136185,2.0969567508271547,1
771.5122882836731,1.1729642036347574,4.670664103924383,2
337.4306869702091,1.7857704635807703,3.6106188329649314,3
66.99442245275067,0.14299756819663223,7.927010062116411,1
665.4309270518893,1.7381910879688272,4.4836508457434565,3
426.21032225020593,1.3606778034983391,0.9237202878483242,2
553.1170152989263,1.5471381592296658,5.104959832832464,1
584.0486957845386,1.0230745883887211,0.596120298184839,2
779.9837419382825,0.0614495357329532,0.7776683578444821,1
204.90663789943375,1.6432392996413392,5.875319946072876,3
462.7727440076138,0.31234175314452406,6.2363207217675765,1
254.8684403461432,1.459035844023077,0.36804662248250075,2
571.2473306092451,0.9785520422043985,0.02269687204230597,2
63.54537268678029,1.608054564142873,0.666444979175218,3
672.6564409572236,1.7286920921205313,1.270010209138448,1
259.9050456294799,0.6292297015050332,5.68135770175987,1
779.476748398705,0.6169570062258312,0.014426471693570475,3
465.75668554591533,1.363578616058395,0.880479092256311,2
2.1279592858297613,0.6104972334403707,5.08320693879737,3
654.7773327396993,0.08689517949778702,8.58453360365925,2
796.4015246366952,0.6420867703503963,1.6166471726628362,2
742.5300856771577,0.2637506192899217,2.5960936525049725,1
399.3070195422547,0.7971421149459004,6.016523212482497,3
447.32100939856144,0.7115337993139033,1.2160032130890164,1
716.3534179332034,0.7455078823681878,5.448986885395102,2
912.9315758289059,1.1057618861916452,8.776801266313184,2
609.7948925285966,0.722311400448596,7.689992332060605,1
516.5252032300397,1.8511968893974653,2.4910177198814356,2
759.6200229694023,1.7285882169742115,4.386694494275703,2
441.74947114228434,1.9142628522307958,8.741858202801732,3
631.0348631344051,0.003532146209763054,3.8351055357632235,1
992.9410281881158,0.009616840749036681,5.46092978147382,1
344.1124035594955,0.9162746831919091,1.78948166606825,1
534.0962354753392,0.6296975118458272,4.023648633135854,1
975.0468881835773,0.8634870139568869,6.198606811027197,1
461.569734551135,1.4332209973057315,0.4694407146724755,1
666.0481358630293,0.832038454453826,8.531234829998693,2
268.4605335646383,1.0567801100120866,5.66913856753043,2
972.9393381387608,0.9528855060370494,6.015140329358428,3
145.39395658137622,1.7683465025630791,2.0548804023393963,2
728.4072998011376,1.2983875816228283,1.6608799825302878,3
12.757220544270087,1.6511576964170966,2.3401885836293177,1
891.5413172768145,1.798984244125043,3.343831405668655,1
281.30852720702336,0.22221610343268305,3.441517750461381,2
596.6247425264743,1.136299280907181,5.628161003478179,2
957.5437605856938,0.13353737952669475,6.638386295285694,3
904.0075085456446,1.4133864426063103,9.439199996151737,1
517.8144269294065,0.48883189967655505,0.3485244987902669,2
177.31197794530618,0.7197748419354839,6.472931218176047,2
271.858360203158,1.233533302903571,3.7105990809013423,3
841.8586487242084,1.373251298858278,3.7406986690941935,2
364.4431303912287,1.7411486553494067,9.185231251408887,2
601.2527910898194,1.7334517703987262,2.974305678980521,2
332.6905926013526,1.6489473748786834,5.973770339647517,3
203.85931773093247,1.9126409475162889,8.274926957514996,3
356.8056330072047,0.043117511730379254,4.393117751185307,2
807.4671795773487,1.0123399060190583,5.477258748205052,3
726.6749499680799,1.3838638393020624,6.055427450608946,2
11.325159132886897,0.588420029737811,9.95845147674956,3
537.9203347308396,0.5258201315505657,3.443519748744711,3
297.47231630297745,0.44371164690904474,3.0696519545755607,3
159.6676252368906,0.9078309220612972,1.8640713142497545,2
957.9228350289083,1.7216246363740333,3.8372003143519686,3
353.41663897153853,0.6011315862794437,9.99695724272389,3
479.80024721171685,0.12344730866067932,8.056560593261723,3
783.2017240731375,0.7721961555790642,8.69607824390379,1
138.68609605499017,1.7502615985369414,2.9021776592207638,1
331.7755388928717,1.8883246164776548,3.7275931755857727,3
927.0522101390186,0.034075054382953995,1.9536106637094752,1
799.4613939320358,1.0915855483143013,4.595255755068771,2
32.45328675135839,1.2232819244689361,7.032151781376256,2
236.45183067099106,1.5845356299507078,5.512994466391582,3
728.4892874640262,0.8329139850491449,6.6860209915372115,3
946.5208571896422,0.4006032412772449,4.851993879437889,1
456.3735901535952,0.046573283832629375,3.550356730328473,3
584.824587190857,1.5132816521935895,0.7385150959855513,2
591.3877061908977,0.9906372745540113,2.7930052050425602,1
854.9643329552964,0.4638647746778206,7.835510533290898,3
627.2612947959718,0.7467608612422236,2.7350946487169447,1
834.2943701124175,0.8468535196915175,1.8232439994042327,1
888.221919725547,1.9789460360886557,4.201615620461613,2
517.7154076576106,1.7302645944573174,5.583257012374412,3
814.2054215642768,0.029874495230952203,6.7292013845143215,3
175.56280187613282,1.9953782214439646,2.824273208292387,1
987.276433146621,0.8088831949811373,3.639386263579538,1
759.2451351668241,0.7766664529808078,1.9177974290026634,2
336.99104517734344,1.9802467393196816,4.8545500461145705,1
644.8224606688331,0.8221752071080675,9.424269958214945,3
129.15803758224865,1.439473560309527,2.0262830572428525,1
465.656289169086,1.2886114760223122,8.62726775126226,3
273.09415218348244,1.0965915675638978,7.052090906923455,3
241.84452131124445,1.5467156696119986,8.464459487662374,1
927.8544680862517,1.2485436336676456,0.429788418364343,2
215.17007602335025,1.5500121500072777,7.636769386534908,2
774.8479650831285,1.4823245479879088,9.920967644724442,3
998.0532904190617,1.2131636235089078,5.90679802861441,2
496.4938455689544,0.41674694641117593,6.150146443018078,1
443.91633839242985,1.7101007321773072,0.8343503598033386,3
273.44761387508345,0.2771512654719679,0.1764058082931419,3
184.7296983000688,1.1487848908117861,7.337965086366685,1
217.00340400174278,1.0362828161165134,5.429731944029119,3
780.398976604298,1.333592864471975,1.367005827938046,2
491.96446746390797,1.0888196723070074,8.175407587966838,1
803.6422033706906,0.27498022448468773,1.556133803788352,2
250.17014270836236,1.009208347407644,3.9767930196647763,3
242.5579255731415,1.3568428366177387,3.3815728564931113,1
600.5326950085193,1.1037496778192861,3.079481771432415,1
82.56812233589062,0.12810186074973995,8.117019835013986,1
162.20736206496255,0.14475061582770077,7.90593622426853,3
59.56068608424236,1.866533783075766,2.422448741173817,1
626.6213484227127,1.005750820256191,0.6807721082550777,3
615.8091439415538,1.437561791424206,7.166451872492137,2
659.3032934427407,1.0109938406774608,0.5229582550020895,1
626.8947841524932,0.22438572014289537,7.726437267669062,3
15.003403813814153,0.857684444207067,9.58516584240954,3
96.90221493159412,1.9550064206169695,9.58518621117605,3
611.3868477166707,1.12880217372095,6.019142406191083,3
651.170890835353,1.0297150126744146,0.663227039463764,1
56.005639277981636,1.529116795219852,8.84800894531778,3
173.66122472380752,1.649377237854611,3.899905744037775,1
400.13733845026775,0.23832718435743816,1.1011857351180632,2
857.4871627845895,1.5235877320016153,9.182253413602794,2
810.5664561195724,1.7104976007068495,5.228064176633326,1
310.3947542469601,0.8345519180963918,5.578604778001944,2
543.727760982171,0.9590884711951653,1.8708560089082038,2
317.8454742616078,1.2117129152186445,5.2793892023302424,1
350.6718723189379,1.7683031388686627,5.622167138906999,1
446.6298343853857,0.14322919111150312,3.1077895483022298,2
335.27789711511826,0.5691719810942555,1.686599929835384,3
493.700733900815,0.825717026910797,7.039454312788484,1
218.72580870037683,0.09544730551924996,6.0945470381722044,1
292.17698628053824,1.1086456684183685,0.6672004435752699,3
468.1673239349181,0.06797299746856522,3.391483966820518,3
423.2042061878158,0.9617343218403767,5.129375895672044,3
967.3317394202262,0.041678800296847784,7.0961584920212575,2
780.8640202854698,0.8319878471179147,4.036067752611872,1
92.71538793708667,1.737508895674494,4.611990664564436,1
652.5688665611602,0.25166133552207803,2.852884545724046,1
450.74164273164797,1.8883912146318764,0.7642577329288525,2
639.7461494944414,1.9117842021917613,0.7777384221276318,1
478.07483008419916,1.1667447972026617,7.299818956867226,2
363.2309408524448,0.2865777963730116,9.874982073137469,3
176.55327219214246,1.7709927662544727,0.46235954639824883,1
112.20090447067865,1.0282989066084463,8.343513309080134,3
575.0506490602911,0.689387571864648,9.908388254864242,2
983.9672363185941,1.8818023966790953,9.444445272087215,2
838.3809127940888,0.9820803191302665,1.0653762594326155,2
764.0307158411945,1.0304198768438795,4.062485032750364,1
202.0174513752143,0.3764322000926801,3.0100614447253027,1
952.739872935999,1.4537374808440635,8.35437336099748,2
502.6669757458726,1.6563893338107198,0.8184910216649577,3
891.8770195838225,1.1300231263081624,2.859087941434314,3
237.77002518775248,0.3265709933946872,8.342133647190646,2
424.1932427978128,0.47662446537773207,9.713698216887535,3
599.7866123027736,0.002539555335430599,8.68458897948688,2
813.3053705858126,1.7742079662979735,6.714078112790473,2
54.171541520521615,0.21425172148695504,4.853705869808691,2
390.7268611643211,1.813168437020008,2.913858497278443,3
938.7608679533244,1.1460213659392795,3.0232213772622085,3
73.36630506335639,1.3462783828384215,0.8902805742455788,2
481.61454583065466,1.0943755643286943,2.874524091516201,2
792.5119982130946,1.1829015825472857,6.609998837228675,1
535.7726941996965,1.6115104318957696,0.17597135511372874,3
846.2180712656663,1.1654262699000006,4.363079248661439,2
509.77943005218117,0.7414681777978986,7.367133973979552,1
438.126506101279,1.8733923171716496,6.702303453504898,3
525.1149011998299,1.178389610845311,8.228818995026923,2
784.1424692224018,0.05695426346559773,1.1839033972326607,3
544.2100034808772,1.9913222539952626,8.744248891012457,2
863.6174212137091,1.8261954612801288,9.02848177881459,1
7.889359767090598,1.2111791904118285,6.035223814753281,2
428.24365115406016,1.43590848303028,6.471095574898023,3
564.5015124419217,1.1439544198638862,6.287566979248535,1
388.85589027931024,1.9627494066443716,9.61320363853568,1
147.20853020394208,0.024034419918277816,9.080028436747272,3
447.61605115832924,1.4617764446842292,1.7654908413847636,3
999.7175149883216,1.3231108197993535,9.939740481334074,3
535.4851013502027,1.2095162905054482,3.1661024517949943,2
106.93641741339721,1.5512434345399047,2.336138761130575,2
537.9510365404501,0.32743990065592365,4.09787961756808,2
801.7062133731746,0.5542008219215102,0.06037552138631441,2
524.8593948974018,1.6913837851352032,1.7779802520845023,2
554.5508103161042,0.528556111591943,8.162438341987032,2
738.614328047141,1.2060305205640025,2.257258472740742,1
84.29105911998747,1.3740200683771282,0.006037893405287376,1
258.623015390712,1.3471156376370548,9.380557666837625,1
60.484862901209134,0.7182847157635466,0.11203707627348902,2
197.77055330222947,0.6983224934917112,9.08803913891562,3
240.6381430693092,1.2716223422938235,0.11743635739795089,1
359.7398295876201,1.8143257140139066,4.722322556141592,3
761.6438045322391,1.0002819884313627,8.830891581077807,1
857.7259930823265,1.7499621472274838,4.008874841942926,2
52.91757511590178,1.2722854186021055,0.89921567944522,3
976.6669236923162,1.6491030253944854,6.169705958919315,3
967.9353800807429,1.4360394596067074,5.948239311712608,3
429.53077254433833,1.5617967790292595,7.12117895439888,3
158.0214097458964,0.1115418300489921,4.886661272795911,1
567.3554744077288,1.9519555086651443,3.632960141368949,2
955.8822628476115,0.37439136989436017,6.434949034719039,3
799.7592197560656,0.15364286322668552,9.204626686526925,1
758.7291128422277,0.4224866169879602,2.4358089967197047,3
846.1588884816831,1.3510920091091292,6.94758545787109,3
697.8853346673665,0.6402144733369821,0.9544043426750692,2
428.94415867696813,1.6306955230064788,7.3869672917827245,1
345.02426232057235,1.0069900213504555,1.2790842441996675,2
540.0128613828753,1.1018638622810728,6.548512006924745,1
90.62291704516224,1.8283817490753,1.1762281781140171,2
702.3876803163431,0.6226614080186879,6.431114843845359,3
432.0582915400603,0.9694774597956111,6.066879169872406,3
300.3269620862613,1.0599498996927068,8.649650216970164,3
771.5756320813421,0.35779241672029527,2.8219149219733963,1
907.2857589343397,0.5784926272794602,9.477402342305378,2
280.59030494744786,0.9639653229096679,1.4963974417894088,1
345.9821873038438,0.922366447094157,7.205417353179371,3
58.412089903880585,0.5928169528661056,6.999423614446263,3
943.7335173459721,1.1617054578442416,0.7263330025209036,2
731.4552604404264,0.2551532252397193,0.5561276697629336,3
63.24355764567757,1.2574543083506742,5.831817200369761,3
142.80947665068678,0.030936625859495637,5.773729424122883,3
338.19775889480405,0.6404403191338346,6.822803619026861,2
759.397739125113,0.9930330339505289,8.243191521210088,1
13.412373057232529,0.6634203645706742,0.12303089309669946,3
737.7773512231462,0.3559998525779777,5.166532765044196,3
233.7716097319431,1.4318812299703614,4.7385806964987855,2
537.4238133928316,1.6437891530259066,3.159178723332942,3
466.6643230850149,1.989418509515721,8.598834143463792,2
563.3265209738295,0.9716888840207702,3.7857214951452534,1
855.601016014987,0.5126013575929473,1.573068117230536,2
442.14636312738895,0.11753478691951136,4.3881121624197785,3
176.97330647186016,1.4985550665857963,0.6511835135362032,2
232.82236767626364,0.7112361749191152,7.0481054940061245,3
159.34414993561674,0.004334296748715882,2.521038648996994,1
639.461469485218,0.7578288524668246,6.372067934763579,3
842.7444286784657,0.5314724075359074,9.553561679965005,1
464.45685524475687,1.5179145849551088,6.151091006893705,1
182.15911150831133,0.8618688097764957,6.163266709616984,1
600.4394333690906,1.3697897394002088,6.282772763955801,1
6.802508331599566,1.8774364292260137,7.2687929195333645,1
313.6800689742999,0.10249997198191396,5.52560900978291,2
732.4317777026937,1.8740541366821237,3.543844238893883,2
84.7413355815092,0.14332967924702333,2.768952698492276,2
636.6895586629818,0.08510777712381024,1.4332603474443018,3
980.4560126415989,0.8480743847825751,0.8409242581440479,2
141.54127810291118,1.8590513307504075,0.2753440056064782,3
645.2475941671322,0.2959256288400509,6.303064202520066,1
906.4222127716683,1.214797479745443,0.3231477379638714,3
225.44727271795574,1.4135571105479747,7.057213507482323,2
519.2388708925371,0.2405586572017695,6.649258689960714,1
334.4949699622519,1.8967920899228192,3.999572290558997,1
589.1584870633573,1.8463345473383372,5.620450279046461,1
428.18593871050746,1.6266040741757244,6.694056148762845,3
232.60351695777348,0.746221815638769,6.867358208832895,1
548.51304577016,1.9803603522244873,3.450897762041593,2
706.4532891459035,0.6249780750164942,2.353528755041573,2
201.62870152307732,0.48669140137655686,8.659657391789533,2
531.0352593537818,1.8888030818655146,7.209938301043184,3
219.71491202914817,1.5706475142741694,0.20781789201497425,1
375.69868965679734,1.2368047091366408,4.541096497640171,3
26.003348065627762,0.32834637794698596,9.06993921261414,2
423.7469409508028,1.44977276573677,9.017855963600281,3
557.7142807547315,1.4139762357713903,0.21284974812813773,3
758.5457328980307,0.22210229262714187,5.695667403820562,3
549.809390130926,0.6032581695441779,8.011325066812008,1
161.82180949473857,0.25785560177676836,1.52003097337586,1
173.77268225299812,1.5897041624555321,8.88700735446565,3
802.4843585731232,1.1197213028558295,9.776668471789439,3
770.5829217539867,0.7633074864366167,7.920453414644734,3
887.7008445939649,1.5486864737518686,0.774519161992393,1
679.2089048259983,1.3460729494618395,8.743514110994342,3
467.6135741808624,1.9421388713539152,6.71996378563236,2
613.597881783929,0.2445768528781247,9.330337983489226,3
609.6368142096758,1.1203434179687293,5.1663488314807315,3
403.7786238148789,1.5932005552682447,6.563970176808529,2
635.8040125096971,0.25899741764646533,5.230317685105657,2
507.7833027439965,0.6075837984502659,7.6925741214076035,2
512.6214895635526,1.9415487846698616,8.251091843992242,1
368.4011329310846,0.49328318315633224,1.6199587591025266,3
161.56405960153864,0.9652410627557115,0.5315194015421509,3
151.11622400787684,0.939085503199254,0.5667245610728378,1
9.603153653704123,1.4203127696846793,4.83246732620478,1
327.4390151390812,1.5081582944708831,3.6940985917971036,3
967.2994507320385,0.057515862175952615,4.022423722637258,2
73.85754964995151,0.3646846348071431,0.7051642587155871,1
156.20504171041094,0.9520904951822025,7.885731391693897,2
435.64232807319513,0.7817256275292674,8.101116354118652,1
402.4617564954842,1.1083525152835645,1.3006814341756423,2
144.04554130051483,1.172141748423433,8.570998501257689,2
163.26531863960713,1.1197441592864126,6.820962608190611,1
723.4711078518312,0.3780122423402372,7.9064056782694685,1
439.8546083394176,0.21712443890186073,1.7130536594535883,2
751.1259130316196,1.4829522021689898,3.9738087806447355,1
303.3343261931872,0.0562593561689142,2.9795731918075132,2
907.6493216006211,0.2157966344581903,0.27487842478003843,2
123.72563538319636,1.4514152670421296,6.365024427423075,3
671.9117871455428,0.6044795391991173,9.98842202568625,2
198.61545637503986,1.542299901108687,1.9955111728204322,2
841.116983618493,0.022236451316476558,9.995478708982565,3
14.705805215073253,1.673539737585169,1.4392354287616893,2
628.0116367450541,1.7267981404914818,5.789805116116996,1
533.765622475141,0.01707549237480377,5.503601039544311,2
301.615185670344,1.241665527927668,5.193558311857242,1
396.35170816118705,0.695166573590289,2.2285639828157278,2
981.1604944942677,0.9453142237841743,9.963067817853942,3
545.879973187464,0.34873018168430225,3.491253686995358,3
25.005705941218647,1.896946897032048,0.5767463155598995,1
943.1846147283981,1.908553720098566,5.483339466855103,1
46.668361658438904,1.7484035719991136,0.8178838183581305,3
103.0658673736422,1.9491085130127208,1.266509639608937,3
53.08349849400295,1.7297272785986688,8.768415982444054,2
870.6203334280339,0.07356028012692284,0.19411158177734533,3
940.6653593633554,1.3664746686257474,2.6335489210604446,2
11.438610192641473,1.2476030349562912,6.121424084055401,2
504.53013226927425,1.9195406474636632,8.50710138480322,1
456.653148370247,0.9767532176334854,9.560739239501636,2
660.8652556020401,1.5749291918252382,8.765306221403584,2
925.7203644820183,1.835692146570259,3.7714091181690454,3
315.987812418711,0.9040927096255162,3.1383104568634304,2
154.7318027564798,0.1622363301937897,8.837368523549037,1
751.8359463890346,1.5227946377635093,1.6275186362551697,2
92.91773758346523,0.8554849703507121,3.4665035054428994,1
955.3003240636592,0.17728123347904057,3.7667073771749413,2
76.63811420935818,1.3122761944789798,0.8524681281024638,3
130.3782957088503,1.7299668024467088,0.13370212894743716,3
265.10247460533253,0.15496705552229417,8.2083626724282,3
460.12163623327217,0.3166885211520887,7.250000610775887,1
14.31374118929818,0.8135933676491032,8.101421512603808,3
672.1222201936126,0.7682594223168047,9.316309534804809,1
324.30115007418425,1.5369258932833958,1.5537764093367745,1
356.9347032724097,1.7605208458429653,4.076426056727325,3
682.5712272389337,0.7568526629967474,9.829997844293118,1
958.5008858915742,0.22671397260928128,4.122577985290662,3
44.4202088308614,1.483577279262679,9.38917326700265,2
697.9911020163396,0.16528112581713228,0.24349992214735328,3
184.77115352533735,0.7255634215222624,8.93761688678024,1
700.575936571428,1.6502358985817187,5.36071169494692,1
463.6854640184072,0.1429496129887382,3.766540750075965,2
217.78406403798112,0.4116051126064695,8.70772217773277,1
506.8908316720037,0.35387906676630365,6.420144783726604,1
143.84234449608624,1.3054933366157355,7.039112996923204,1
382.109033122645,0.16465928899268278,0.6234903524530544,3
115.28312833095156,0.28835024901022255,5.72158340945771,1
236.8329671430125,0.6032821173391045,2.938090495200374,2
834.186894904634,1.7193301333840119,3.2702790121770953,2
103.8207972985521,0.678964850439054,7.335778699817105,2
325.0161572940582,0.411586528182718,9.33139274739112,2
35.17314510053615,1.7610836671410834,1.376551715801132,1
63.72315245961746,0.043472064362889196,0.5381440947087879,2
634.0035473514421,0.7686435208113871,1.884063367993154,1
895.5404795058464,0.562620480204536,2.059187919713652,2
148.5790639839526,1.1497399436467863,7.311909542791329,3
467.8809273429437,1.8389091361305843,0.3546203574017215,2
747.4450673839829,0.9631922102752843,2.2632644576653815,2
119.53702700729296,0.5825279962954457,1.7460769570460632,3
310.4448516146745,0.885738364733409,7.607664990993035,2
985.8225547747568,1.2983276045551746,0.39382785934984565,2
716.7708855338843,0.05380995029582558,6.457366341778512,3
969.3242345377736,1.5385276089243005,4.846496241404773,2
623.917785900479,1.476195952572251,4.69228902101599,1
237.73745614580477,1.342126347156229,2.207710103645054,3
575.0432292087786,1.5935865217048957,9.669047217259264,1
241.81732929009337,1.2707708487758924,2.6196142015564616,3
940.1748413629771,0.907693576400399,8.72805765776887,2
117.34840685534354,0.9171099092165023,1.9550585100303186,3
847.2552190073786,0.14887038821291299,6.884047580547192,3
375.77387038091626,1.397636386213371,9.892374573851223,2
935.5795037258019,1.2944773837701176,0.46819667991252256,1
55.63582772987141,1.4692077058684347,3.8117559508051126,3
821.6615492269419,1.317643226220949,6.4193979085905175,3
83.89831484565302,0.08015041742234064,9.639837610406772,2
517.5787693860651,1.1912270117900052,7.421294939188891,3
567.2005613395496,1.1224855426255278,6.4106914927967935,3
97.00059141042917,0.3969569287631196,3.077943793806347,1
741.9334949369984,1.7320576911455892,0.5981687308164763,1
919.197036702517,1.361674675535768,5.4433199467480655,1
775.4427476613324,1.1685708790845675,2.1497130114889575,1
165.49112392742416,0.5856918616738398,1.0017015101715554,1
293.81780584910155,1.8719511684671732,8.752883361928289,1
938.4599817905216,1.9125224978035726,9.203009126173221,3
982.3935984348468,1.8817915980571003,4.608001612104388,3
819.0002268619,0.876588186728791,9.297490675221818,2
873.7545905897945,0.56802540929212,9.779958251661773,3
893.1392066833797,1.7971434761093257,1.0928939950740135,2
748.0384501571197,1.0303404955680469,3.9875573718581747,2
537.7701504408368,0.675344015352396,3.6649206990309056,2
307.191612794632,0.8488531497868026,9.492868016736637,2
48.31307203410018,0.2351201697271743,2.8315711975665927,2
272.1923421280842,0.30707517660041694,9.405629202342915,1
497.7719780074903,1.0783740945967006,2.5460308029005607,2
628.6528683876053,0.7254545071690834,4.483266047924971,1
787.5488127550148,0.5894636313723425,7.401730348025305,3
428.01810660024444,0.17808549690223674,5.145860810227426,3
341.9441132611749,1.1605170500235351,9.316283461854745,3
106.50142013212394,0.21301555753939683,7.012168080474797,2
957.0261626299563,1.2270672150737099,7.0276850606300485,1
963.2642460431922,0.16068269088982579,9.322874107495993,3
977.4200024624374,0.1433337593086743,3.9763881202406126,2
154.59702826893084,1.1080568310076262,3.6492242704346998,3
482.36939383890467,1.23596000553374,5.195021249153264,1
894.0328323190412,1.3019931372434053,9.325490205200618,2
108.53053312797323,1.9496302142857054,3.3839842613032403,1
779.274930532718,1.0355507045959425,9.39945024744775,1
300.22563470297933,0.8922867976052125,2.3990881008549803,3
630.7590008429389,1.891851619485265,7.7052572488935756,3
451.58823907815236,0.6380662402773767,4.192443336720977,1
245.29919177995384,1.5433083875395834,9.707332674967661,3
932.9676224904262,0.041591012402659056,1.6363205432276884,2
799.7063623031744,0.7590092910997221,3.1556078272676666,3
918.6936587850752,1.7701264597149842,0.265590125869859,2
173.76632443657002,0.1495340493892392,5.673561603207476,1
103.9065776145488,0.794511631020052,1.1495068575853595,3
332.76341193850277,0.5068744458345686,8.978760780888868,3
566.8429675089969,0.024137122136349554,2.9179430595870217,2
871.0698472670614,0.3106498955263397,9.913035655233518,1
982.6942258329435,0.3634445718412156,7.1360302914820615,2
43.10762816652425,0.5269276341087297,2.1280433909087773,2
725.9765550396514,0.7392345426888616,4.417168554547862,2
968.1890914097007,0.13021317376858055,8.725845729551185,2
99.07954278903175,1.2173406187077682,9.263819432465045,1
145.06489302519321,0.127360440015982,0.5145627217648108,2
853.7315573130242,0.8005090456194075,8.471764144079387,3
837.5865819430356,1.4861806314597927,5.5952235450624475,1
51.743777649882695,0.7655898005049615,9.381934564986352,3
981.7718254035017,0.3642067904876358,5.873400386239104,1
206.35655804265306,0.24163393747250073,3.697114369202843,1
266.67270533114964,1.374036605876832,8.838602782905609,1
130.54781367157187,0.558485604649998,5.926868207518314,1
501.60802602180223,0.7006098611051128,1.4837048096248917,1
996.3037826709901,0.6413864839626546,5.072290998389795,2
550.1843453212953,0.26792637178037215,0.4385049859567569,2
889.0416758344462,0.6330836745986799,5.519592678628795,2
46.57271294899523,1.333948258790092,2.377049557275285,1
177.0575767767112,1.3109714553741019,7.880356818813197,2
860.8469483437932,0.8762628475633187,0.9819736186248473,2
732.4694641123792,0.7022939319256258,4.140534920891085,2
115.72333662096513,0.2822561616200572,9.982168734749981,1
705.6565124868216,0.5283273288955808,6.637790130921612,2
928.7600396254289,0.11924799606393477,3.333865602434962,1
954.8304719546267,1.3794306813870427,0.3659109971283625,3
819.1220792895451,1.9413713344393737,6.716195662851582,2
853.752070042414,0.5611570282749203,0.2548954241938317,1
575.4355410421575,0.9694743134956707,9.994147947647031,2
698.9983795449,1.4396633666685834,6.104027697492525,1
64.99868025466249,1.4948489767088586,8.993899046916754,2
164.4748705099608,0.9874100063730076,9.985689989966009,3
325.71280725020637,1.9160419825766084,6.494083691721654,2
9.792845176173959,0.5920464333059856,5.985025072675329,1
529.1166525737267,1.5084261934203373,2.1388747577157274,1
521.9805670512044,1.946497315560801,7.479642701215086,2
633.476529474963,0.267902126973542,1.9641935148537593,2
16.134746626355057,1.6294809045637948,1.1457756500452576,3
390.197790284906,1.0969211341712035,1.8892661838136826,3
464.8379168758826,0.7310482889638292,2.042422363451597,1
884.2064800921981,1.577166297172365,0.48099415987208793,2
477.8254125269932,1.9559315478265922,3.1714963168439803,1
858.3149997828468,0.05420598450639891,0.6831804875084979,2
528.0588671733623,0.4988671403862226,8.192660774884486,2
878.2502396298788,0.48904354002650563,2.8283699149831563,2
555.5603185868806,1.9414510622192778,7.954365910412101,2
337.53475351264416,0.3828532731425405,4.496031137805002,2
294.48107537483656,1.297103398429232,3.755095059597673,2
876.7523154672735,0.7099438544223564,7.859140056110629,2
169.01040728639128,0.9639477227359485,7.909398335914358,2
759.1105919518158,1.6559347115338054,3.6014818059174445,2
727.7183951120113,0.5173208543520846,6.976238216807161,2
95.23799361195107,0.826649845599096,8.251193001424888,3
224.87493702613992,0.3901727566364859,4.505542011832924,3
618.6415202284534,0.13733586815960774,0.7605618792911517,2
124.78712880812981,0.6233471103450581,1.3530611816012594,2
202.17904794836582,1.6960663027691296,6.1258469221966285,2
914.1510751997743,0.2813915556477893,7.418330491168578,2
573.4892795343949,0.2926187139114209,3.372841183813713,3
524.4615594064506,1.6059613690388421,2.6455481317734844,1
822.2026472982828,1.714942381780953,4.981923081681047,1
687.6475206364429,1.2252754904833283,9.534683596392032,3
379.4034556244616,0.45303270747070057,9.130318078653,3
257.1752772498258,1.11136089537478,3.4591449534368524,2
397.84411990368386,0.4007103014295941,6.720175999909949,3
801.3701208102585,1.0878794767056859,3.065261793753624,1
937.9467435875194,1.4451655031341213,1.06012474749823,2
581.7260780814224,1.9961379563100843,1.1370626892882807,3
515.2469867433668,0.5423226494359623,0.47114766437554634,3
398.50049579572624,1.7706430156984454,0.7317492120925284,2
287.3939083310398,1.940216645562447,7.625595340779371,3
406.97329739154554,1.0480671512189013,2.3360718019482682,3
876.6287966310546,1.670914500459096,1.4169222722564745,3
839.7588891389047,0.24242035486032565,5.010774404359115,2
16.83463250199546,0.6429956007058546,7.001583768011377,2
350.1782959539839,0.9002005780810107,4.8594296923369065,2
812.3637788620138,1.4013980133597708,0.22506679505117422,2
26.41532115333911,0.41028099713098487,7.895293775967982,1
842.2323208358682,1.9618135883059715,6.675738145674299,1
370.4930241267923,0.022518044804239024,1.9036261726257986,3
53.37346338718818,0.10789909201816061,4.045857409866729,3
122.40493532846975,1.5364278327347216,1.978243945393543,3
109.24235105997315,1.51343621161316,2.7087411573241713,1
755.0655715170029,1.457031464034873,4.610092961712375,1
970.0081963752867,0.8680268121050689,1.9623000336588958,1
198.41275732594244,1.2128493611074103,9.344655800068363,3
191.2778661439636,0.5852341745511718,6.242473260244825,3
90.3748396635522,1.9317888601414257,9.630160226720996,2
902.8416803685466,0.3298888462989955,3.635370709840957,3
662.2095701840316,1.0720564034036784,5.030171566982672,1
160.25407246749867,0.5451627441055049,0.9750703396952487,2
886.4211320514122,0.4874802446925659,4.953921111504346,1
52.4689228445765,1.4081735946224387,1.402626018784402,3
844.059795893308,0.050531276495181965,3.1181644031928633,1
787.5001990688124,1.0225715349406514,5.310308405538509,1
640.8586614727739,1.0981887306373803,2.550410059896996,1
858.6709561151866,0.3508114637274997,3.027017069901916,2
548.7195874797159,1.456045949183664,4.069569459631609,2
667.1841699577056,0.6606687807257223,1.3508742618277625,1
295.11483611550557,1.518677476484998,2.4357936887620624,2
782.9796225719762,1.9761201720602202,9.569092300554598,2
124.6661942560665,0.797241412679419,2.5755612265404206,2
171.8502957492518,0.6891129617893688,2.811149775531876,1
213.5222004279742,1.8485422192124352,7.405382941095866,3
315.78673762415343,1.2320218924642903,7.325662378156803,3
555.1997750222946,1.464606580865397,3.152744069899084,3
159.07730566931411,0.7733786408690588,2.239644314992635,2
291.02352754678117,0.27117689925235333,2.8606555836680525,1
838.1128366693428,0.5846701940835495,3.5286025134124355,2
77.68614885624048,0.4994860642955563,1.3240145539402204,2
614.7155722643805,0.43941932086884417,1.759739319989242,1
798.6059473655722,1.1771857823277845,6.146066368963977,2
321.1790024936718,0.173370754681484,5.912115209414575,1
828.1662309016949,0.162681448692372,2.1338565539392484,2
60.85251224048505,1.5127441037729317,5.777855010318415,2
610.6709855343719,0.5572103994068109,1.5432981934282486,2
672.7707738831768,0.7964192612812873,2.51432226358287,2
294.7858110760262,1.1677682057019445,8.354762239419824,3
498.97512278397613,0.18808521172806913,4.48348043183538,3
860.2201382070418,1.8329392121494774,5.907094739978504,3
160.57817416072595,0.7008203582761614,0.5099069750713936,1
817.1598625098314,0.8182005742661873,4.039732966867823,2
280.2039335405788,1.8301839855962867,9.488665942784069,1
417.14514466744015,0.8802087071175884,3.6559025060558636,2
643.9088277197101,1.2925138529550018,4.434903423303517,3
567.3717600937679,0.9965788516950695,8.887150731726711,1
378.53661217550626,0.8813292589873309,8.67039965675897,1
938.6863565646631,0.17560405552424285,5.269278804729569,1
153.7840751333367,0.0663956113998978,2.7504089060504713,1
517.6434875521724,0.10614822857270423,3.0897093043169255,2
676.1450614035896,0.49149688289094695,7.0305585064240725,1
17.150430708125054,0.5330134272260649,4.964473077000308,3
414.30591831968576,0.2500659066927644,4.346625245133064,2
739.7067407197853,1.8438093054502167,2.4568810525691163,3
955.2157099336126,0.023768220193374656,8.00739866225398,1
263.82041103477974,1.2826557918631183,5.337251367062801,3
355.819787879235,1.351434202945049,4.140597841371912,3
671.5497093052279,0.24473806703336987,4.256853471943484,2
95.01433300056694,1.6327031795476838,5.473490970531226,1
124.16994565266137,0.49010924188304883,0.40520320619049754,1
98.25700230129219,1.4023655619561461,3.5347840580582024,2
618.1268587176793,0.3486463996181344,4.501212754420381,1
442.87013402139263,0.36078342689458065,7.669994509538042,3
514.3599854527885,1.3157416400336281,2.3474823997121543,2
414.4601382632194,0.6490254952474255,1.5081973258859238,3
237.96580515956035,1.8075798512574148,6.7336487898095125,1
982.5276975278067,0.7519844919417216,3.1477133706921148,2
508.4394912551652,0.5224413773478724,9.56994345488423,3
117.21178230698558,0.020275977992069594,0.4100488205191455,2
662.8030184458889,1.2151084275276982,7.500316409321791,3
830.2953710367941,0.7755233071605736,0.41382866240374017,1
278.2072297880174,1.325312998044513,7.470068209020311,3
264.8576024581587,0.908236986164408,4.30474664207726,3
78.16735988293611,1.4367138826615709,5.620457579504751,2
734.6486019720986,1.1526079375440206,4.183753985511106,1
350.7292442575874,0.6581650328876529,5.914313552355707,2
456.02026458507106,1.5703507848126552,1.390263379124821,3
273.36835842155085,1.0079616425249613,7.810752871264039,3
630.5294124752463,1.744301133643853,0.15424248631957016,1
547.8515439005758,1.1546733662151936,5.966551752307595,2
139.87877180871467,0.14403154729255752,0.190325886452819,1
92.97458051491792,1.1485418328757926,1.8493857807565872,3
627.0978957347983,0.35974902420283383,9.528821764995428,3
998.8576839751099,1.7846200140346515,4.393539067210873,3
18.069459926223775,0.11807138115929838,0.4955298722742896,3
810.1844201283873,0.7673283945608877,1.8735264663501505,2
850.9912592853655,0.4135642081700319,2.648848982204466,2
194.8946288982979,1.257340477331117,0.6444862074248026,3
28.758920022459833,0.1965333428517293,7.882115033951944,3
